AGE	SEX	BMI	BP	S1	S2	S3	S4	S5	S6	Y
53	1	22.1	93	134	76.2	46	3	4.0775	96	178
48	1	19.9	91	189	109.6	69	3	3.9512	101	48
48	1	29.5	131	207	132.2	47	4	4.9345	106	270
66	2	26	91	264	146.6	65	4	5.5683	87	202
52	2	24.5	94	217	149.4	48	5	4.585	89	111
52	2	26.6	111	209	126.4	61	3	4.6821	109	85
46	2	23.5	87	181	114.8	44	4	4.7095	98	42
40	2	29	115	97	47.2	35	2.77	4.3041	95	170
22	1	23	73	161	97.8	54	3	3.8286	91	200
50	1	21	88	140	71.8	35	4	5.112	71	252
20	1	22.9	87	191	128.2	53	4	3.8918	85	113
68	1	27.5	107	241	149.6	64	4	4.92	90	143
52	2	24.3	86	197	133.6	44	5	4.5747	91	51
44	1	23.1	87	213	126.4	77	3	3.8712	72	52
38	1	27.3	81	146	81.6	47	3	4.4659	81	210
49	1	22.7	65.33	168	96.2	62	2.71	3.8918	60	65
61	1	33	95	182	114.8	54	3	4.1897	74	141
29	2	19.4	83	152	105.8	39	4	3.5835	83	55
61	1	25.8	98	235	125.8	76	3	5.112	82	134
34	2	22.6	75	166	91.8	60	3	4.2627	108	42
36	1	21.9	89	189	105.2	68	3	4.3694	96	111
52	1	24	83	167	86.6	71	2	3.8501	94	98
61	1	31.2	79	235	156.8	47	5	5.0499	96	164
43	1	26.8	123	193	102.2	67	3	4.7791	94	48
35	1	20.4	65	187	105.6	67	2.79	4.2767	78	96
27	1	24.8	91	189	106.8	69	3	4.1897	69	90
29	1	21	71	156	97	38	4	4.654	90	162
64	2	27.3	109	186	107.6	38	5	5.3083	99	150
41	1	34.6	87.33	205	142.6	41	5	4.6728	110	279
49	2	25.9	91	178	106.6	52	3	4.5747	75	92
48	1	20.4	98	209	139.4	46	5	4.7707	78	83
53	1	28	88	233	143.8	58	4	5.0499	91	128
53	2	22.2	113	197	115.2	67	3	4.3041	100	102
23	1	29	90	216	131.4	65	3	4.585	91	302
65	2	30.2	98	219	160.6	40	5	4.5218	84	198
41	1	32.4	94	171	104.4	56	3	3.9703	76	95
55	2	23.4	83	166	101.6	46	4	4.5218	96	53
22	1	19.3	82	156	93.2	52	3	3.989	71	134
56	1	31	78.67	187	141.4	34	5.5	4.0604	90	144
54	2	30.6	103.33	144	79.8	30	4.8	5.1417	101	232
59	2	25.5	95.33	190	139.4	35	5.43	4.3567	117	81
60	2	23.4	88	153	89.8	58	3	3.2581	95	104
54	1	26.8	87	206	122	68	3	4.382	80	59
25	1	28.3	87	193	128	49	4	4.382	92	246
54	2	27.7	113	200	128.4	37	5	5.1533	113	297
55	1	36.6	113	199	94.4	43	4.63	5.7301	97	258
40	2	26.5	93	236	147	37	7	5.5607	92	229
62	2	31.8	115	199	128.6	44	5	4.8828	98	275
65	1	24.4	120	222	135.6	37	6	5.5094	124	281
33	2	25.4	102	206	141	39	5	4.8675	105	179
53	1	22	94	175	88	59	3	4.9416	98	200
35	1	26.8	98	162	103.6	45	4	4.2047	86	200
66	1	28	101	195	129.2	40	5	4.8598	94	173
62	2	33.9	101	221	156.4	35	6	4.9972	103	180
50	2	29.6	94.33	300	242.4	33	9.09	4.8122	109	84
47	1	28.6	97	164	90.6	56	3	4.4659	88	121
47	2	25.6	94	165	74.8	40	4	5.5255	93	161
24	1	20.7	87	149	80.6	61	2	3.6109	78	99
58	2	26.2	91	217	124.2	71	3	4.6913	68	109
34	1	20.6	87	185	112.2	58	3	4.3041	74	115
51	1	27.9	96	196	122.2	42	5	5.0689	120	268
31	2	35.3	125	187	112.4	48	4	4.8903	109	274
22	1	19.9	75	175	108.6	54	3	4.1271	72	158
53	2	24.4	92	214	146	50	4	4.4998	97	107
37	2	21.4	83	128	69.6	49	3	3.8501	84	83
28	1	30.4	85	198	115.6	67	3	4.3438	80	103
47	1	31.6	84	154	88	30	5.1	5.1985	105	272
23	1	18.8	78	145	72	63	2	3.912	86	85
50	1	31	123	178	105	48	4	4.8283	88	280
58	2	36.7	117	166	93.8	44	4	4.9488	109	336
