AGE	SEX	BMI	BP	S1	S2	S3	S4	S5	S6	Y
55	1	32.1	110	164	84.2	42	4	5.2417	90	281
60	2	27.7	107	167	114.6	38	4	4.2767	95	118
41	1	30.8	81	214	152	28	7.6	5.1358	123	317
60	2	27.5	106	229	143.8	51	4	5.1417	91	235
40	1	26.9	92	203	119.8	70	3	4.1897	81	60
57	2	30.7	90	204	147.8	34	6	4.7095	93	174
37	1	38.3	113	165	94.6	53	3	4.4659	79	259
40	2	31.9	95	198	135.6	38	5	4.804	93	178
33	1	35	89	200	130.4	42	4.76	4.9273	101	128
32	2	27.8	89	216	146.2	55	4	4.3041	91	96
35	2	25.9	81	174	102.4	31	6	5.3132	82	126
55	1	32.9	102	164	106.2	41	4	4.4308	89	288
49	1	26	93	183	100.2	64	3	4.5433	88	88
39	2	26.3	115	218	158.2	32	7	4.9345	109	292
60	2	22.3	113	186	125.8	46	4	4.2627	94	71
67	2	28.3	93	204	132.2	49	4	4.7362	92	197
41	2	32	109	251	170.6	49	5	5.0562	103	186
44	1	25.4	95	162	92.6	53	3	4.4067	83	25
48	2	23.3	89.33	212	142.8	46	4.61	4.7536	98	84
45	1	20.3	74.33	190	126.2	49	3.88	4.3041	79	96
47	1	30.4	120	199	120	46	4	5.1059	87	195
46	1	20.6	73	172	107	51	3	4.2485	80	53
36	2	32.3	115	286	199.4	39	7	5.4723	112	217
34	1	29.2	73	172	108.2	49	4	4.3041	91	172
53	2	33.1	117	183	119	48	4	4.382	106	131
61	1	24.6	101	209	106.8	77	3	4.8363	88	214
37	1	20.2	81	162	87.8	63	3	4.0254	88	59
33	2	20.8	84	125	70.2	46	3	3.7842	66	70
68	1	32.8	105.67	205	116.4	40	5.13	5.4931	117	220
49	2	31.9	94	234	155.8	34	7	5.3982	122	268
48	1	23.9	109	232	105.2	37	6	6.107	96	152
55	2	24.5	84	179	105.8	66	3	3.5835	87	47
43	1	22.1	66	134	77.2	45	3	4.0775	80	74
60	2	33	97	217	125.6	45	5	5.4467	112	295
31	2	19	93	137	73	47	3	4.4427	78	101
53	2	27.3	82	119	55	39	3	4.8283	93	151
67	1	22.8	87	166	98.6	52	3	4.3438	92	127
61	2	28.2	106	204	132	52	4	4.6052	96	237
62	1	28.9	87.33	206	127.2	33	6.24	5.4337	99	225
60	1	25.6	87	207	125.8	69	3	4.1109	84	81
42	1	24.9	91	204	141.8	38	5	4.7958	89	151
38	2	26.8	105	181	119.2	37	5	4.8203	91	107
62	1	22.4	79	222	147.4	59	4	4.3567	76	64
61	2	26.9	111	236	172.4	39	6	4.8122	89	138
61	2	23.1	113	186	114.4	47	4	4.8122	105	185
53	1	28.6	88	171	98.8	41	4	5.0499	99	265
28	2	24.7	97	175	99.6	32	5	5.3799	87	101
26	2	30.3	89	218	152.2	31	7	5.1591	82	137
30	1	21.3	87	134	63	63	2	3.6889	66	143
50	1	26.1	109	243	160.6	62	4	4.625	89	141
48	1	20.2	95	187	117.4	53	4	4.4188	85	79
51	1	25.2	103	176	112.2	37	5	4.8978	90	292
47	2	22.5	82	131	66.8	41	3	4.7536	89	178
64	2	23.5	97	203	129	59	3	4.3175	77	91
51	2	25.9	76	240	169	39	6	5.0752	96	116
30	1	20.9	104	152	83.8	47	3	4.6634	97	86
56	2	28.7	99	208	146.4	39	5	4.7274	97	122
42	1	22.1	85	213	138.6	60	4	4.2767	94	72
62	2	26.7	115	183	124	35	5	4.7875	100	129
34	1	31.4	87	149	93.8	46	3	3.8286	77	142
60	1	22.2	104.67	221	105.4	60	3.68	5.6276	93	90
64	1	21	92.33	227	146.8	65	3.49	4.3307	102	158
39	2	21.2	90	182	110.4	60	3	4.0604	98	39
71	2	26.5	105	281	173.6	55	5	5.5683	84	196
48	2	29.2	110	218	151.6	39	6	4.92	98	222
79	2	27	103	169	110.8	37	5	4.6634	110	277
40	1	30.7	99	177	85.4	50	4	5.3375	85	99
49	2	28.8	92	207	140	44	5	4.7449	92	196
51	1	30.6	103	198	106.6	57	3	5.1475	100	202
57	1	30.1	117	202	139.6	42	5	4.625	120	155
