AGE	SEX	BMI	BP	S1	S2	S3	S4	S5	S6	Y
59	2	24.7	114	152	104.8	29	5	4.5109	88	77
51	1	27.7	99	229	145.6	69	3	4.2767	77	191
74	1	29.8	101	171	104.8	50	3	4.3944	86	70
67	1	26.7	105	225	135.4	69	3	4.6347	96	73
49	1	19.8	88	188	114.8	57	3	4.3944	93	49
57	1	23.3	88	155	63.6	78	2	4.2047	78	65
56	2	35.1	123	164	95	38	4	5.0434	117	263
52	2	29.7	109	228	162.8	31	8	5.1417	103	248
69	1	29.3	124	223	139	54	4	5.0106	102	296
37	1	20.3	83	185	124.6	38	5	4.7185	88	214
24	1	22.5	89	141	68	52	3	4.654	84	185
55	2	22.7	93	154	94.2	53	3	3.5264	75	78
36	1	22.8	87	178	116	41	4	4.654	82	93
42	2	24	107	150	85	44	3	4.654	96	252
21	1	24.2	76	147	77	53	3	4.4427	79	150
41	1	20.2	62	153	89	50	3	4.2485	89	77
57	2	29.4	109	160	87.6	31	5	5.3327	92	208
20	2	22.1	87	171	99.6	58	3	4.2047	78	77
67	2	23.6	111.33	189	105.4	70	2.7	4.2195	93	108
34	1	25.2	77	189	120.6	53	4	4.3438	79	160
41	2	24.9	86	192	115	61	3	4.382	94	53
38	2	33	78	301	215	50	6.02	5.193	108	220
51	1	23.5	101	195	121	51	4	4.7449	94	154
52	2	26.4	91.33	218	152	39	5.59	4.9053	99	259
67	1	29.8	80	172	93.4	63	3	4.3567	82	90
61	1	30	108	194	100	52	3.73	5.3471	105	246
67	2	25	111.67	146	93.4	33	4.42	4.585	103	124
56	1	27	105	247	160.6	54	5	5.0876	94	67
64	1	20	74.67	189	114.8	62	3.05	4.1109	91	72
58	2	25.5	112	163	110.6	29	6	4.7622	86	257
55	1	28.2	91	250	140.2	67	4	5.366	103	262
62	2	33.3	114	182	114	38	5	5.0106	96	275
57	2	25.6	96	200	133	52	3.85	4.3175	105	177
20	2	24.2	88	126	72.2	45	3	3.7842	74	71
53	2	22.1	98	165	105.2	47	4	4.1589	81	47
32	2	31.4	89	153	84.2	56	3	4.1589	90	187
41	1	23.1	86	148	78	58	3	4.0943	60	125
60	1	23.4	76.67	247	148	65	3.8	5.1358	77	78
26	1	18.8	83	191	103.6	69	3	4.5218	69	51
37	1	30.8	112	282	197.2	43	7	5.3423	101	258
45	1	32	110	224	134.2	45	5	5.4116	93	215
67	1	31.6	116	179	90.4	41	4	5.4723	100	303
34	2	35.5	120	233	146.6	34	7	5.5683	101	243
50	1	31.9	78.33	207	149.2	38	5.45	4.5951	84	91
71	1	29.5	97	227	151.6	45	5	5.0239	108	150
57	2	31.6	117	225	107.6	40	6	5.9584	113	310
49	1	20.3	93	184	103	61	3	4.6052	93	153
35	1	41.3	81	168	102.8	37	5	4.9488	94	346
41	2	21.2	102	184	100.4	64	3	4.585	79	63
70	2	24.1	82.33	194	149.2	31	6.26	4.2341	105	89
52	1	23	107	179	123.7	42.5	4.21	4.1589	93	50
60	1	25.6	78	195	95.4	91	2	3.7612	87	39
62	1	22.5	125	215	99	98	2	4.4998	95	103
44	2	38.2	123	201	126.6	44	5	5.0239	92	308
28	2	19.2	81	155	94.6	51	3	3.8501	87	116
58	2	29	85	156	109.2	36	4	3.989	86	145
39	2	24	89.67	190	113.6	52	3.65	4.804	101	74
34	2	20.6	98	183	92	83	2	3.6889	92	45
65	1	26.3	70	244	166.2	51	5	4.8978	98	115
66	2	34.6	115	204	139.4	36	6	4.9628	109	264
51	1	23.4	87	220	108.8	93	2	4.5109	82	87
50	2	29.2	119	162	85.2	54	3	4.7362	95	202
59	2	27.2	107	158	102	39	4	4.4427	93	127
52	1	27	78.33	134	73	44	3.05	4.4427	69	182
69	2	24.5	108	243	136.4	40	6	5.8081	100	241
53	1	24.1	105	184	113.4	46	4	4.8122	95	66
47	2	25.3	98	173	105.6	44	4	4.7622	108	94
52	1	28.8	113	280	174	67	4	5.273	86	283
39	1	20.9	95	150	65.6	68	2	4.4067	95	64
67	2	23	70	184	128	35	5	4.654	99	102
