AGE	SEX	BMI	BP	S1	S2	S3	S4	S5	S6	Y
59	2	24.1	96	170	98.6	54	3	4.4659	85	200
51	2	28.1	106	202	122.2	55	4	4.8203	87	265
23	2	18	78	171	96	48	4	4.9053	92	94
68	1	25.9	93	253	181.2	53	5	4.5433	98	230
44	1	21.5	85	157	92.2	55	3	3.8918	84	181
60	2	24.3	103	141	86.6	33	4	4.6728	78	156
52	1	24.5	90	198	129	29	7	5.2983	86	233
38	1	21.3	72	165	60.2	88	2	4.4308	90	60
61	1	25.8	90	280	195.4	55	5	4.9972	90	219
68	2	24.8	101	221	151.4	60	4	3.8712	87	80
28	2	31.5	83	228	149.4	38	6	5.3132	83	68
65	2	33.5	102	190	126.2	35	5	4.9698	102	332
69	1	28.1	113	234	142.8	52	4	5.2781	77	248
51	1	24.3	85.33	153	71.6	71	2.15	3.9512	82	84
29	1	35	98.33	204	142.6	50	4.08	4.0431	91	200
55	2	23.5	93	177	126.8	41	4	3.8286	83	55
34	2	30	83	185	107.2	53	3	4.8203	92	85
67	1	20.7	83	170	99.8	59	3	4.0254	77	89
49	1	25.6	76	161	99.8	51	3	3.9318	78	31
55	2	22.9	81	123	67.2	41	3	4.3041	88	129
59	2	25.1	90	163	101.4	46	4	4.3567	91	83
53	1	33.2	82.67	186	106.8	46	4.04	5.112	102	275
48	2	24.1	110	209	134.6	58	4	4.4067	100	65
52	1	29.5	104.33	211	132.8	49	4.31	4.9836	98	198
69	1	29.6	122	231	128.4	56	4	5.451	86	236
60	2	22.8	110	245	189.8	39	6	4.3944	88	253
46	2	22.7	83	183	125.8	32	6	4.8363	75	124
51	2	26.2	101	161	99.6	48	3	4.2047	88	44
67	2	23.5	96	207	138.2	42	5	4.8978	111	172
49	1	22.1	85	136	63.4	62	2.19	3.9703	72	114
46	2	26.5	94	247	160.2	59	4	4.9345	111	142
47	1	32.4	105	188	125	46	4.09	4.4427	99	109
75	1	30.1	78	222	154.2	44	5.05	4.7791	97	180
28	1	24.2	93	174	106.4	54	3	4.2195	84	144
65	2	31.3	110	213	128	47	5	5.247	91	163
42	1	30.1	91	182	114.8	49	4	4.5109	82	147
51	1	24.5	79	212	128.6	65	3	4.5218	91	97
53	2	27.7	95	190	101.8	41	5	5.4638	101	220
54	1	23.2	110.67	238	162.8	48	4.96	4.9127	108	190
73	1	27	102	211	121	67	3	4.7449	99	109
54	1	26.8	108	176	80.6	67	3	4.9558	106	191
42	1	29.2	93	249	174.2	45	6	5.0039	92	122
75	1	31.2	117.67	229	138.8	29	7.9	5.7236	106	230
55	2	32.1	112.67	207	92.4	25	8.28	6.1048	111	242
68	2	25.7	109	233	112.6	35	7	6.0568	105	248
57	1	26.9	98	246	165.2	38	7	5.366	96	249
48	1	31.4	75.33	242	151.6	38	6.37	5.5683	103	192
61	2	25.6	85	184	116.2	39	5	4.9698	98	131
69	1	37	103	207	131.4	55	4	4.6347	90	237
38	1	32.6	77	168	100.6	47	4	4.625	96	78
45	2	21.2	94	169	96.8	55	3	4.4543	102	135
51	2	29.2	107	187	139	32	6	4.382	95	244
71	2	24	84	138	85.8	39	4	4.1897	90	199
57	1	36.1	117	181	108.2	34	5	5.2679	100	270
56	2	25.8	103	177	114.4	34	5	4.9628	99	164
32	2	22	88	137	78.6	48	3	3.9512	78	72
50	1	21.9	91	190	111.2	67	3	4.0775	77	96
43	1	34.3	84	256	172.6	33	8	5.5294	104	306
54	2	25.2	115	181	120	39	5	4.7005	92	91
31	1	23.3	85	190	130.8	43	4	4.3944	77	214
56	1	25.7	80	244	151.6	59	4	5.118	95	95
44	1	25.1	133	182	113	55	3	4.2485	84	216
57	2	31.9	111	173	116.2	41	4	4.3694	87	263
64	2	28.4	111	184	127	41	4	4.382	97	178
43	1	28.1	121	192	121	60	3	4.0073	93	113
19	1	25.3	83	225	156.6	46	5	4.7185	84	200
71	2	26.1	85	220	152.4	47	5	4.6347	91	139
50	2	28	104	282	196.8	44	6	5.3279	95	139
59	2	23.6	73	180	107.4	51	4	4.6821	84	88
57	1	24.5	93	186	96.6	71	3	4.5218	91	148
